      --------Part 1--------   --------Part 2--------
Day       Time   Rank  Score       Time   Rank  Score
 13   08:52:27  17654      0   10:11:52  15028      0
 12   02:37:54   8102      0          -      -      -
 11   03:04:30  12996      0   03:14:01  11514      0
 10   06:59:35  20011      0   09:38:38  12659      0
  9   02:14:15  12511      0   02:44:32  13190      0
  8   02:37:40  18195      0   03:51:44  13863      0
  7   03:12:07  16177      0   03:46:47  13713      0
  6   02:30:46  19696      0   02:41:26  19227      0
  5   02:36:35  15756      0   04:14:02   8878      0
  4   02:25:23  22693      0   03:12:51  20097      0
  3   05:23:54  25547      0   07:23:44  27070      0
  2   03:03:46  21498      0   03:15:13  20566      0
  1   02:56:22  25683      0   04:36:20  22696      0

Stats:
25       0      0  
24       0      0  
23       0      0  
22       0      0  
21       0      0  
20       0      0  
19       0      0  
18       0      0  
17       0      0  
16       0      0  
15       0      0  
14       0      0  
13   15077   4046  ****
12   18406  13107  *****
11   43670   1915  ********
10   37649  14266  *********
 9   62381    858  ***********
 8   61878  12231  ************
 7   69432   6084  ************
 6   88743   1457  **************
 5   69581  26912  ***************
 4  114184  15300  ********************
 3  115256  17145  ********************
 2  174627   7986  ****************************
 1  207468  65859  *****************************************